// -----------------------------------------------------------------------------------------
// Syntax :
//  [Frqequency] [ItemGroup1] [ItemGroup2] [ItemGroup3] ...
// 
//  Itemgroup = [Item(hex)] [ZLevel(dec)] [Color(hex)] [Xmovement(dec)] [Ymovement(dec)]
// -----------------------------------------------------------------------------------------

// Desert

// Coconut palm
0001 0c95 0000 0000 0000 0000

// Date palm
0001 0c96 0000 0000 0000 0000

// Small palm
0005 0c99 0000 0000 0000 0000
0005 0c9a 0000 0000 0000 0000
0005 0c9b 0000 0000 0000 0000
0005 0c9c 0000 0000 0000 0000
0005 0c9d 0000 0000 0000 0000

// Ponytail palm
0001 0ca6 0000 0000 0000 0000

// Banana tree (small)
0001 0ca8 0000 0000 0000 0000
// Banana tree 
0001 0caa 0000 0000 0000 0000
0001 0cab 0000 0000 0000 0000

// Yucca 
0001 0d37 0000 0000 0000 0000
0001 0d38 0000 0000 0000 0000

// Cactus
0010 0d25 0000 0000 0000 0000
0010 0d26 0000 0000 0000 0000
0005 0d27 0000 0000 0000 0000
0005 0d28 0000 0000 0000 0000

// Flower
0001 0d29 0000 0000 0000 0000

// Cactus
0010 0d2a 0000 0000 0000 0000

// Flower
0001 0d2b 0000 0000 0000 0000

// Cactus
0005 0d2c 0000 0000 0000 0000

// Flower
0001 0d2d 0000 0000 0000 0000

// Cactus
0010 0d2e 0000 0000 0000 0000

// Flower
0001 0d2f 0000 0000 0000 0000

// Grasses
0001 0d32 0000 0000 0000 0000
0001 0d33 0000 0000 0000 0000

// Pipe cactus
0005 0d35 0000 0000 0000 0000

// Brambles
0020 0d3f 0000 0000 0000 0000
0010 0d40 0000 0000 0000 0000

// Rocks
//0001 1363 0000 0000 0000 0000
//0001 1364 0000 0000 0000 0000
//0001 1365 0000 0000 0000 0000
//0001 1366 0000 0000 0000 0000
0005 1367 0000 0000 0000 0000
//0001 1368 0000 0000 0000 0000
//0001 1369 0000 0000 0000 0000
//0001 136a 0000 0000 0000 0000
//0001 136b 0000 0000 0000 0000
//0001 136c 0000 0000 0000 0000
//0001 136d 0000 0000 0000 0000
0005 1771 0000 0000 0000 0000
0005 1772 0000 0000 0000 0000
0005 1773 0000 0000 0000 0000
0005 1774 0000 0000 0000 0000
//0001 1775 0000 0000 0000 0000
//0001 1776 0000 0000 0000 0000
//0001 1777 0000 0000 0000 0000
//0001 1778 0000 0000 0000 0000
0005 1779 0000 0000 0000 0000
0005 177a 0000 0000 0000 0000
0005 177b 0000 0000 0000 0000
0005 177c 0000 0000 0000 0000

