// -----------------------------------------------------------------------------------------
// Syntax :
// [Frqequency] [ItemGroup1] [ItemGroup2] [ItemGroup3] ...
// 
// Itemgroup = [Item(hex)] [ZLevel(dec)] [Color(hex)] [Xmovement(dec)] [Ymovement(dec)]
// -----------------------------------------------------------------------------------------
//Original Dragon scripts modified by SickLab 2001-08-18
//This gives a more normalized UO like Jungle. I remove some rocks, added all the jungle tree and
//a 3x3 water tile with cattails. Also added some plants that was not in the original script. I do not
//use vines for some technical reason. Maybe i'll add them with a further release of this script.
// Jungle Tree 01 - Leaves 01a
0002 0d41 0000 0000 0002 0005 0d42 0000 0000 0003 0004 0d43 0000 0000 0004 0003 0d44 0000 0000 0005 0002 0d45 0000 0000 0000 0007 0d46 0000 0000 0001 0006 0d47 0000 0000 0002 0005 0d48 0000 0000 0003 0004 0d49 0000 0000 0004 0003 0d4a 0000 0000 0005 0002 0d4b 0000 0000 0006 0001 0d4c 0000 0000 0007 0000
0002 0d41 0000 0000 0002 0005 0d42 0000 0000 0003 0004 0d43 0000 0000 0004 0003 0d44 0000 0000 0005 0002 0d45 0000 0000 0000 0007 0d46 0000 0000 0001 0006 0d47 0000 0000 0002 0005 0d48 0000 0000 0003 0004 0d49 0000 0000 0004 0003 0d4a 0000 0000 0005 0002 0d4b 0000 0000 0006 0001 0d4c 0000 0000 0007 0000

// Jungle Tree 01 - Leaves 01b
0001 0d41 0000 0000 0001 0005 0d42 0000 0000 0002 0004 0d43 0000 0000 0003 0003 0d44 0000 0000 0004 0002 0d4d 0000 0000 0000 0006 0d4e 0000 0000 0001 0005 0d4f 0000 0000 0002 0004 0d50 0000 0000 0003 0003 0d51 0000 0000 0004 0002 0d52 0000 0000 0005 0001 0d53 0000 0000 0006 0000

// Jungle Tree 02 - Leaves 02a
0001 0d57 0000 0000 0001 0005 0d58 0000 0000 0002 0004 0d59 0000 0000 0003 0003 0d5a 0000 0000 0004 0002 0d5b 0000 0000 0005 0001 0d5c 0000 0000 0000 0006 0d5d 0000 0000 0001 0005 0d5e 0000 0000 0002 0004 0d5f 0000 0000 0003 0003 0d60 0000 0000 0004 0002 0d61 0000 0000 0005 0001 0d62 0000 0000 0006 0000 
0001 0d57 0000 0000 0001 0005 0d58 0000 0000 0002 0004 0d59 0000 0000 0003 0003 0d5a 0000 0000 0004 0002 0d5b 0000 0000 0005 0001 0d5c 0000 0000 0000 0006 0d5d 0000 0000 0001 0005 0d5e 0000 0000 0002 0004 0d5f 0000 0000 0003 0003 0d60 0000 0000 0004 0002 0d61 0000 0000 0005 0001 0d62 0000 0000 0006 0000 

// Jungle Tree 02 - Leaves 02b
0002 0d57 0000 0000 0001 0005 0d58 0000 0000 0002 0004 0d59 0000 0000 0003 0003 0d5a 0000 0000 0004 0002 0d5b 0000 0000 0005 0001 0d63 0000 0000 0000 0006 0d64 0000 0000 0001 0005 0d65 0000 0000 0002 0004 0d66 0000 0000 0003 0003 0d67 0000 0000 0004 0002 0d68 0000 0000 0005 0001 0d69 0000 0000 0006 0000

// Jungle Tree 03 - Leaves 03a
0002 0d6e 0000 0000 0001 0005 0d6f 0000 0000 0002 0004 0d70 0000 0000 0003 0003 0d71 0000 0000 0004 0002 0d72 0000 0000 0005 0001 0d73 0000 0000 0000 0006 0d74 0000 0000 0001 0005 0d75 0000 0000 0002 0004 0d76 0000 0000 0003 0003 0d77 0000 0000 0004 0002 0d78 0000 0000 0005 0001 0d79 0000 0000 0006 0000
0002 0d6e 0000 0000 0001 0005 0d6f 0000 0000 0002 0004 0d70 0000 0000 0003 0003 0d71 0000 0000 0004 0002 0d72 0000 0000 0005 0001 0d73 0000 0000 0000 0006 0d74 0000 0000 0001 0005 0d75 0000 0000 0002 0004 0d76 0000 0000 0003 0003 0d77 0000 0000 0004 0002 0d78 0000 0000 0005 0001 0d79 0000 0000 0006 0000

// Jungle Tree 04 - Leaves 04a
0001 0d84 0000 0000 0001 0003 0d85 0000 0000 0002 0002 0d86 0000 0000 0003 0001 0d87 0000 0000 0000 0004 0d88 0000 0000 0001 0003 0d89 0000 0000 0002 0002 0d8a 0000 0000 0003 0001 0d8b 0000 0000 0004 0000

// Jungle Tree 04 - Leaves 04b
0002 0d84 0000 0000 0001 0003 0d85 0000 0000 0002 0002 0d86 0000 0000 0003 0001 0d8c 0000 0000 0000 0004 0d8d 0000 0000 0001 0003 0d8e 0000 0000 0002 0002 0d8f 0000 0000 0003 0001 0d90 0000 0000 0004 0000
0002 0d84 0000 0000 0001 0003 0d85 0000 0000 0002 0002 0d86 0000 0000 0003 0001 0d8c 0000 0000 0000 0004 0d8d 0000 0000 0001 0003 0d8e 0000 0000 0002 0002 0d8f 0000 0000 0003 0001 0d90 0000 0000 0004 0000

// Water with Cattails
0001 17a6 0000 0000 0000 0000 179f 0000 0000 0001 0000 17a5 0000 0000 0002 0000 17a4 0000 0000 0000 0001 1797 0000 0000 0001 0001 179e 0000 0000 0002 0001 17a8 0000 0000 0000 0002 17a1 0000 0000 0001 0002 17a7 0000 0000 0002 0002 0cb8 0000 0000 0000 0001 0cbb 0000 0000 0000 0000 0cb7 0000 0000 0001 0000

// Rocks
0002 1367 0000 0000 0000 0000
0001 1771 0000 0000 0000 0000
0002 1773 0000 0000 0000 0000
0001 1774 0000 0000 0000 0000
0002 1775 0000 0000 0000 0000
0001 1777 0000 0000 0000 0000
0001 1778 0000 0000 0000 0000

// Mushrooms
0001 0d0c 0000 0000 0000 0000
0002 0d0d 0000 0000 0000 0000
0001 0d0e 0000 0000 0000 0000
0001 0d0f 0000 0000 0000 0000
0001 0d10 0000 0000 0000 0000
0002 0d11 0000 0000 0000 0000
0001 0d12 0000 0000 0000 0000
0002 0d13 0000 0000 0000 0000
0001 0d14 0000 0000 0000 0000
0002 0d15 0000 0000 0000 0000
0001 0d16 0000 0000 0000 0000
0001 0d17 0000 0000 0000 0000
0002 0d18 0000 0000 0000 0000
0001 0d19 0000 0000 0000 0000

// Grasses
0003 0cc6 0000 0000 0000 0000

// Blade plant
0003 0c93 0000 0000 0000 0000

// Bulrushes
0002 0c94 0000 0000 0000 0000

// Elephant ear plant
0003 0c97 0000 0000 0000 0000

// Fan plant
0002 0c98 0000 0000 0000 0000

//Fern
0003 0c9f 0000 0000 0000 0000

//Fern
0002 0ca0 0000 0000 0000 0000

//Lage fern
0002 0ca1 0000 0000 0000 0000

//Fern
0002 0ca2 0000 0000 0000 0000
0003 0ca3 0000 0000 0000 0000
0002 0ca4 0000 0000 0000 0000

// Pampas Gras
0003 0ca5 0000 0000 0000 0000

// Rushes
0003 0ca7 0000 0000 0000 0000

// Snake plant
0002 0ca9 0000 0000 0000 0000

// Twigs
//0001 1b9c 0000 0000 0000 0000
//0002 1b9d 0000 0000 0000 0000
//0002 1b9e 0000 0000 0000 0000

// Sapling
0001 0ce9 0000 0000 0000 0000
0002 0cea 0000 0000 0000 0000

//fallen log N/S
0001 0cf3 0000 0000 0000 0000 0cf4 0000 0000 0000 0001

//fallen log W/E
0001 0cf5 0000 0000 0000 0000 0cf6 0000 0000 0001 0000 0cf7 0000 0000 0002 0000

// Morning Glories
0001 0d34 0000 0000 0000 0000
