// -----------------------------------------------------------------------------------------
// Syntax :
//  [Frqequency] [ItemGroup1] [ItemGroup2] [ItemGroup3] ...
// 
//  Itemgroup = [Item(hex)] [ZLevel(dec)] [Color(hex)] [Xmovement(dec)] [Ymovement(dec)]
// -----------------------------------------------------------------------------------------

// Savannah

// Tall grass
0040 0cc6 0000 0000 0000 0000
0040 0d32 0000 0000 0000 0000

// Brambles
0010 0d3f 0000 0000 0000 0000
0010 0d40 0000 0000 0000 0000

// Small Palm Trees
0005 0c99 0000 0000 0000 0000
0005 0c9a 0000 0000 0000 0000
0005 0c9b 0000 0000 0000 0000
0005 0c9c 0000 0000 0000 0000
0005 0c9d 0000 0000 0000 0000

// Large Palm Trees
0005 0c95 0000 0000 0000 0000 

// Yucca 
0002 0d37 0000 0000 0000 0000
0001 0d38 0000 0000 0000 0000

// Cactus
0003 0d25 0000 0000 0000 0000
0003 0d26 0000 0000 0000 0000
0003 0d27 0000 0000 0000 0000
0003 0d28 0000 0000 0000 0000
0003 0d2a 0000 0000 0000 0000
0003 0d2c 0000 0000 0000 0000
0003 0d2e 0000 0000 0000 0000
0005 0d35 0000 0000 0000 0000

// Plants
0005 0c97 0000 0000 0000 0000
0005 0ca9 0000 0000 0000 0000
0005 0ca7 0000 0000 0000 0000

// Small group of Large Palm Trees
0003 0c95 0003 0000 0000 0000 0c95 0003 0000 0000 0000 0c95 0003 0000 0002 0000 0c95 0003 0000 0002 0000 0c95 0003 0000 0001 0002 0c95 0003 0000 0001 0002 0c95 0003 0000 0000 0002 0c95 0003 0000 0000 0002 0c95 0003 0000 0001 0003 0c95 0003 0000 0001 0003 0c95 0003 0000 0003 0003 0c95 0003 0000 0003 0003

// Large group of Tall Grass Brown
0025 0cc6 0003 0000 0000 0000 0cc6 0003 0000 0000 0000 0cc6 0003 0000 0003 0000 0cc6 0003 0000 0003 0000 0cc6 0003 0000 0001 0001 0cc6 0003 0000 0001 0001 0cc6 0003 0000 0002 0001 0cc6 0003 0000 0002 0001 0cc6 0003 0000 0003 0002 0cc6 0003 0000 0003 0002 0cc6 0003 0000 0004 0002 0cc6 0003 0000 0004 0002 0cc6 0003 0000 0000 0003 0cc6 0003 0000 0000 0003 0cc6 0003 0000 0001 0003 0cc6 0003 0000 0001 0003 0cc6 0003 0000 0002 0004 0cc6 0003 0000 0002 0004 0cc6 0003 0000 0003 0004 0cc6 0003 0000 0003 0004

// Large group of Tall Grass Green
0010 0d32 0003 0000 0000 0000 0d32 0003 0000 0000 0000 0d32 0003 0000 0003 0000 0d32 0003 0000 0003 0000 0d32 0003 0000 0001 0001 0d32 0003 0000 0001 0001 0d32 0003 0000 0002 0001 0d32 0003 0000 0002 0001 0d32 0003 0000 0003 0002 0d32 0003 0000 0003 0002 0d32 0003 0000 0004 0002 0d32 0003 0000 0004 0002 0d32 0003 0000 0000 0003 0d32 0003 0000 0000 0003 0d32 0003 0000 0001 0003 0d32 0003 0000 0001 0003 0d32 0003 0000 0002 0004 0d32 0003 0000 0002 0004 0d32 0003 0000 0003 0004 0d32 0003 0000 0003 0004
