//Mod10 Stormcrow
// S TileA N TileB
BBBAAAAA 008b 008c 000 000
ABBAAAAA 008b 008c 000 000
BBAAAAAA 008b 008c 000 000
ABAAAAAA 008b 008c 000 000
BABAAAAA 008b 008c 000 000
// E TileA W TileB
BAAAAABB 0089 008a 000 000
BAAAAAAB 0089 008a 000 000
AAAAAABB 0089 008a 000 000
AAAAAAAB 0089 008a 000 000
BAAAAABA 0089 008a 000 000
// W TileA E TileB
AABBBAAA 0087 0088 000 000
AAABBAAA 0087 0088 000 000
AABBAAAA 0087 0088 000 000
AAABAAAA 0087 0088 000 000
AABABAAA 0087 0088 000 000
// N TileA S TileB
AAAABBBA 0085 0086 000 000
AAAAABBA 0085 0086 000 000
AAAABBAA 0085 0086 000 000
AAAAABAA 0085 0086 000 000
AAAABABA 0085 0086 000 000
// NW corner is TileA
AABBBBBA 007e 000 000
AAABBBBA 007e 000 000
AABBBBAA 007e 000 000
AAABBBAA 007e 000 000
AAABABAA 007e 000 000
AABABBAA 007e 000 000
AABABBBA 007e 000 000
AABAABBA 007e 000 000
AAABBABA 007e 000 000
AABBBABA 007e 000 000
AABBABBA 007e 000 000
AABBAABA 007e 000 000
AABAABAA 007e 000 000
AAABAABA 007e 000 000
AABBABAA 007e 000 000
AABABABA 007e 000 000
AAABABBA 007e 000 000
// SE corner is TileA
BBBAAABB 007d 000 000
BBAAAABB 007d 000 000
BBBAAAAB 007d 000 000
BBAAAAAB 007d 000 000
BABAAAAB 007d 000 000
BBAAAABA 007d 000 000
ABBAAABA 007d 000 000
BABAAABA 007d 000 000
BBBAAABA 007d 000 000
ABAAAAAB 007d 000 000
BABAAABB 007d 000 000
AABAAABB 007d 000 000
ABBAAABB 007d 000 000
AABAAAAB 007d 000 000
ABAAAABB 007d 000 000
ABAAAABA 007d 000 000
ABBAAAAB 007d 000 000
// NE corner is TileA
BAAABBBB 0083 000 000
AAAABBBB 0083 000 000
BAAAABBB 0083 000 000
AAAAABBB 0083 000 000
AAAAABAB 0083 000 000
BAAABAAB 0083 000 000
BAAABBBA 0083 000 000
BAAAABBA 0083 000 000
BAAAABAA 0083 000 000
AAAABABB 0083 000 000
BAAABABB 0083 000 000
BAAABBAA 0083 000 000
BAAABBAB 0083 000 000
AAAABBAB 0083 000 000
AAAABAAB 0083 000 000
BAAABABA 0083 000 000
BAAAABAB 0083 000 000
// SW corner is TileA
BBBBBAAA 0082 000 000
BBBBAAAA 0082 000 000
ABBBBAAA 0082 000 000
ABBBAAAA 0082 000 000
BAABBAAA 0082 000 000
BABBAAAA 0082 000 000
BABBBAAA 0082 000 000
BBAABAAA 0082 000 000
ABAABAAA 0082 000 000
BBBABAAA 0082 000 000
BBABAAAA 0082 000 000
ABBABAAA 0082 000 000
ABABAAAA 0082 000 000
BAABAAAA 0082 000 000
BABABAAA 0082 000 000
ABABBAAA 0082 000 000
BBABBAAA 0082 000 000
// NW Corner is TileB
BAAAAAAA 007a 000 000
// SE Corner is TileB
AAAABAAA 0079 000 000
// NE Corner is TileB
AABAAAAA 007c 000 000
// SW Corner is TileB
AAAAAABA 007b 000 000
// Stormcrow Autocorrect
AAABAAAB 0003 0004 0005 0006 000 000
AAABAABB 0003 0004 0005 0006 000 000
AAABABAB 0003 0004 0005 0006 000 000
AAABABBB 0003 0004 0005 0006 000 000
AAABBAAB 0003 0004 0005 0006 000 000
AAABBABB 0003 0004 0005 0006 000 000
AAABBBAB 0003 0004 0005 0006 000 000
AAABBBBB 0003 0004 0005 0006 000 000
AABAABAB 0003 0004 0005 0006 000 000
AABAABBB 0003 0004 0005 0006 000 000
AABABAAB 0003 0004 0005 0006 000 000
AABABABB 0003 0004 0005 0006 000 000
AABABBAB 0003 0004 0005 0006 000 000
AABABBBB 0003 0004 0005 0006 000 000
AABBAAAB 0003 0004 0005 0006 000 000
AABBAABB 0003 0004 0005 0006 000 000
AABBABAB 0003 0004 0005 0006 000 000
AABBABBB 0003 0004 0005 0006 000 000
AABBBAAB 0003 0004 0005 0006 000 000
AABBBABB 0003 0004 0005 0006 000 000
AABBBBAB 0003 0004 0005 0006 000 000
AABBBBBB 0003 0004 0005 0006 000 000
ABAAABAA 0003 0004 0005 0006 000 000
ABAAABAB 0003 0004 0005 0006 000 000
ABAAABBA 0003 0004 0005 0006 000 000
ABAAABBB 0003 0004 0005 0006 000 000
ABAABAAB 0003 0004 0005 0006 000 000
ABAABABA 0003 0004 0005 0006 000 000
ABAABABB 0003 0004 0005 0006 000 000
ABAABBAA 0003 0004 0005 0006 000 000
ABAABBAB 0003 0004 0005 0006 000 000
ABAABBBA 0003 0004 0005 0006 000 000
ABAABBBB 0003 0004 0005 0006 000 000
ABABAAAB 0003 0004 0005 0006 000 000
ABABAABA 0003 0004 0005 0006 000 000
ABABAABB 0003 0004 0005 0006 000 000
ABABABAA 0003 0004 0005 0006 000 000
ABABABAB 0003 0004 0005 0006 000 000
ABABABBA 0003 0004 0005 0006 000 000
ABABABBB 0003 0004 0005 0006 000 000
ABABBAAB 0003 0004 0005 0006 000 000
ABABBABA 0003 0004 0005 0006 000 000
ABABBABB 0003 0004 0005 0006 000 000
ABABBBAA 0003 0004 0005 0006 000 000
ABABBBAB 0003 0004 0005 0006 000 000
ABABBBBA 0003 0004 0005 0006 000 000
ABABBBBB 0003 0004 0005 0006 000 000
ABBAABAA 0003 0004 0005 0006 000 000
ABBAABAB 0003 0004 0005 0006 000 000
ABBAABBA 0003 0004 0005 0006 000 000
ABBAABBB 0003 0004 0005 0006 000 000
ABBABAAB 0003 0004 0005 0006 000 000
ABBABABA 0003 0004 0005 0006 000 000
ABBABABB 0003 0004 0005 0006 000 000
ABBABBAA 0003 0004 0005 0006 000 000
ABBABBAB 0003 0004 0005 0006 000 000
ABBABBBA 0003 0004 0005 0006 000 000
ABBABBBB 0003 0004 0005 0006 000 000
ABBBAAAB 0003 0004 0005 0006 000 000
ABBBAABA 0003 0004 0005 0006 000 000
ABBBAABB 0003 0004 0005 0006 000 000
ABBBABAA 0003 0004 0005 0006 000 000
ABBBABAB 0003 0004 0005 0006 000 000
ABBBABBA 0003 0004 0005 0006 000 000
ABBBABBB 0003 0004 0005 0006 000 000
ABBBBAAB 0003 0004 0005 0006 000 000
ABBBBABA 0003 0004 0005 0006 000 000
ABBBBABB 0003 0004 0005 0006 000 000
ABBBBBAA 0003 0004 0005 0006 000 000
ABBBBBAB 0003 0004 0005 0006 000 000
ABBBBBBA 0003 0004 0005 0006 000 000
ABBBBBBB 0003 0004 0005 0006 000 000
BAABAAAB 0003 0004 0005 0006 000 000
BAABAABA 0003 0004 0005 0006 000 000
BAABAABB 0003 0004 0005 0006 000 000
BAABABAA 0003 0004 0005 0006 000 000
BAABABAB 0003 0004 0005 0006 000 000
BAABABBA 0003 0004 0005 0006 000 000
BAABABBB 0003 0004 0005 0006 000 000
BAABBAAB 0003 0004 0005 0006 000 000
BAABBABA 0003 0004 0005 0006 000 000
BAABBABB 0003 0004 0005 0006 000 000
BAABBBAA 0003 0004 0005 0006 000 000
BAABBBAB 0003 0004 0005 0006 000 000
BAABBBBA 0003 0004 0005 0006 000 000
BAABBBBB 0003 0004 0005 0006 000 000
BABAABAA 0003 0004 0005 0006 000 000
BABAABAB 0003 0004 0005 0006 000 000
BABAABBA 0003 0004 0005 0006 000 000
BABAABBB 0003 0004 0005 0006 000 000
BABABAAB 0003 0004 0005 0006 000 000
BABABABA 0003 0004 0005 0006 000 000
BABABABB 0003 0004 0005 0006 000 000
BABABBAA 0003 0004 0005 0006 000 000
BABABBAB 0003 0004 0005 0006 000 000
BABABBBA 0003 0004 0005 0006 000 000
BABABBBB 0003 0004 0005 0006 000 000
BABBAAAB 0003 0004 0005 0006 000 000
BABBAABA 0003 0004 0005 0006 000 000
BABBAABB 0003 0004 0005 0006 000 000
BABBABAA 0003 0004 0005 0006 000 000
BABBABAB 0003 0004 0005 0006 000 000
BABBABBA 0003 0004 0005 0006 000 000
BABBABBB 0003 0004 0005 0006 000 000
BABBBAAB 0003 0004 0005 0006 000 000
BABBBABA 0003 0004 0005 0006 000 000
BABBBABB 0003 0004 0005 0006 000 000
BABBBBAA 0003 0004 0005 0006 000 000
BABBBBAB 0003 0004 0005 0006 000 000
BABBBBBA 0003 0004 0005 0006 000 000
BABBBBBB 0003 0004 0005 0006 000 000
BBAAABAA 0003 0004 0005 0006 000 000
BBAAABAB 0003 0004 0005 0006 000 000
BBAAABBA 0003 0004 0005 0006 000 000
BBAAABBB 0003 0004 0005 0006 000 000
BBAABAAB 0003 0004 0005 0006 000 000
BBAABABA 0003 0004 0005 0006 000 000
BBAABABB 0003 0004 0005 0006 000 000
BBAABBAA 0003 0004 0005 0006 000 000
BBAABBAB 0003 0004 0005 0006 000 000
BBAABBBA 0003 0004 0005 0006 000 000
BBAABBBB 0003 0004 0005 0006 000 000
BBABAAAB 0003 0004 0005 0006 000 000
BBABAABA 0003 0004 0005 0006 000 000
BBABAABB 0003 0004 0005 0006 000 000
BBABABAA 0003 0004 0005 0006 000 000
BBABABAB 0003 0004 0005 0006 000 000
BBABABBA 0003 0004 0005 0006 000 000
BBABABBB 0003 0004 0005 0006 000 000
BBABBAAB 0003 0004 0005 0006 000 000
BBABBABA 0003 0004 0005 0006 000 000
BBABBABB 0003 0004 0005 0006 000 000
BBABBBAA 0003 0004 0005 0006 000 000
BBABBBAB 0003 0004 0005 0006 000 000
BBABBBBA 0003 0004 0005 0006 000 000
BBABBBBB 0003 0004 0005 0006 000 000
BBBAABAA 0003 0004 0005 0006 000 000
BBBAABAB 0003 0004 0005 0006 000 000
BBBAABBA 0003 0004 0005 0006 000 000
BBBAABBB 0003 0004 0005 0006 000 000
BBBABAAB 0003 0004 0005 0006 000 000
BBBABABA 0003 0004 0005 0006 000 000
BBBABABB 0003 0004 0005 0006 000 000
BBBABBAA 0003 0004 0005 0006 000 000
BBBABBAB 0003 0004 0005 0006 000 000
BBBABBBA 0003 0004 0005 0006 000 000
BBBABBBB 0003 0004 0005 0006 000 000
BBBBAAAB 0003 0004 0005 0006 000 000
BBBBAABA 0003 0004 0005 0006 000 000
BBBBAABB 0003 0004 0005 0006 000 000
BBBBABAA 0003 0004 0005 0006 000 000
BBBBABAB 0003 0004 0005 0006 000 000
BBBBABBA 0003 0004 0005 0006 000 000
BBBBABBB 0003 0004 0005 0006 000 000
BBBBBAAB 0003 0004 0005 0006 000 000
BBBBBABA 0003 0004 0005 0006 000 000
BBBBBABB 0003 0004 0005 0006 000 000
BBBBBBAA 0003 0004 0005 0006 000 000
BBBBBBAB 0003 0004 0005 0006 000 000
BBBBBBBA 0003 0004 0005 0006 000 000
BBBBBBBB 0003 0004 0005 0006 000 000
// Stormcrow Invalid
//BAAABAAA 0001 000 000
//AABAAABA 0001 000 000
