//Mod10 Stormcrow
// S TileA N TileB
BBBAAAAA 0335 000 000
ABBAAAAA 0335 000 000
BBAAAAAA 0335 000 000
ABAAAAAA 0335 000 000
BABAAAAA 0335 000 000
// E TileA W TileB
BAAAAABB 0336 000 000
BAAAAAAB 0336 000 000
AAAAAABB 0336 000 000
AAAAAAAB 0336 000 000
BAAAAABA 0336 000 000
// W TileA E TileB
AABBBAAA 0337 000 000
AAABBAAA 0337 000 000
AABBAAAA 0337 000 000
AAABAAAA 0337 000 000
AABABAAA 0337 000 000
// N TileA S TileB
AAAABBBA 0338 000 000
AAAAABBA 0338 000 000
AAAABBAA 0338 000 000
AAAAABAA 0338 000 000
AAAABABA 0338 000 000
// NW corner is TileA
AABBBBBA 0339 000 000
AAABBBBA 0339 000 000
AABBBBAA 0339 000 000
AAABBBAA 0339 000 000
AAABABAA 0339 000 000
AABABBAA 0339 000 000
AABABBBA 0339 000 000
AABAABBA 0339 000 000
AAABBABA 0339 000 000
AABBBABA 0339 000 000
AABBABBA 0339 000 000
AABBAABA 0339 000 000
AABAABAA 0339 000 000
AAABAABA 0339 000 000
AABBABAA 0339 000 000
AABABABA 0339 000 000
AAABABBA 0339 000 000
// SE corner is TileA
BBBAAABB 033a 000 000
BBAAAABB 033a 000 000
BBBAAAAB 033a 000 000
BBAAAAAB 033a 000 000
BABAAAAB 033a 000 000
BBAAAABA 033a 000 000
ABBAAABA 033a 000 000
BABAAABA 033a 000 000
BBBAAABA 033a 000 000
ABAAAAAB 033a 000 000
BABAAABB 033a 000 000
AABAAABB 033a 000 000
ABBAAABB 033a 000 000
AABAAAAB 033a 000 000
ABAAAABB 033a 000 000
ABAAAABA 033a 000 000
ABBAAAAB 033a 000 000
// NE corner is TileA
BAAABBBB 033b 000 000
AAAABBBB 033b 000 000
BAAAABBB 033b 000 000
AAAAABBB 033b 000 000
AAAAABAB 033b 000 000
BAAABAAB 033b 000 000
BAAABBBA 033b 000 000
BAAAABBA 033b 000 000
BAAAABAA 033b 000 000
AAAABABB 033b 000 000
BAAABABB 033b 000 000
BAAABBAA 033b 000 000
BAAABBAB 033b 000 000
AAAABBAB 033b 000 000
AAAABAAB 033b 000 000
BAAABABA 033b 000 000
BAAAABAB 033b 000 000
// SW corner is TileA
BBBBBAAA 033c 000 000
BBBBAAAA 033c 000 000
ABBBBAAA 033c 000 000
ABBBAAAA 033c 000 000
BAABBAAA 033c 000 000
BABBAAAA 033c 000 000
BABBBAAA 033c 000 000
BBAABAAA 033c 000 000
ABAABAAA 033c 000 000
BBBABAAA 033c 000 000
BBABAAAA 033c 000 000
ABBABAAA 033c 000 000
ABABAAAA 033c 000 000
BAABAAAA 033c 000 000
BABABAAA 033c 000 000
ABABBAAA 033c 000 000
BBABBAAA 033c 000 000
// NW Corner is TileB
BAAAAAAA 033d 000 000
// SE Corner is TileB
AAAABAAA 033e 000 000
// NE Corner is TileB
AABAAAAA 033f 000 000
// SW Corner is TileB
AAAAAABA 0340 000 000
// Stormcrow Autocorrect
AAABAAAB 0016 0017 0018 0019 000 000
AAABAABB 0016 0017 0018 0019 000 000
AAABABAB 0016 0017 0018 0019 000 000
AAABABBB 0016 0017 0018 0019 000 000
AAABBAAB 0016 0017 0018 0019 000 000
AAABBABB 0016 0017 0018 0019 000 000
AAABBBAB 0016 0017 0018 0019 000 000
AAABBBBB 0016 0017 0018 0019 000 000
AABAABAB 0016 0017 0018 0019 000 000
AABAABBB 0016 0017 0018 0019 000 000
AABABAAB 0016 0017 0018 0019 000 000
AABABABB 0016 0017 0018 0019 000 000
AABABBAB 0016 0017 0018 0019 000 000
AABABBBB 0016 0017 0018 0019 000 000
AABBAAAB 0016 0017 0018 0019 000 000
AABBAABB 0016 0017 0018 0019 000 000
AABBABAB 0016 0017 0018 0019 000 000
AABBABBB 0016 0017 0018 0019 000 000
AABBBAAB 0016 0017 0018 0019 000 000
AABBBABB 0016 0017 0018 0019 000 000
AABBBBAB 0016 0017 0018 0019 000 000
AABBBBBB 0016 0017 0018 0019 000 000
ABAAABAA 0016 0017 0018 0019 000 000
ABAAABAB 0016 0017 0018 0019 000 000
ABAAABBA 0016 0017 0018 0019 000 000
ABAAABBB 0016 0017 0018 0019 000 000
ABAABAAB 0016 0017 0018 0019 000 000
ABAABABA 0016 0017 0018 0019 000 000
ABAABABB 0016 0017 0018 0019 000 000
ABAABBAA 0016 0017 0018 0019 000 000
ABAABBAB 0016 0017 0018 0019 000 000
ABAABBBA 0016 0017 0018 0019 000 000
ABAABBBB 0016 0017 0018 0019 000 000
ABABAAAB 0016 0017 0018 0019 000 000
ABABAABA 0016 0017 0018 0019 000 000
ABABAABB 0016 0017 0018 0019 000 000
ABABABAA 0016 0017 0018 0019 000 000
ABABABAB 0016 0017 0018 0019 000 000
ABABABBA 0016 0017 0018 0019 000 000
ABABABBB 0016 0017 0018 0019 000 000
ABABBAAB 0016 0017 0018 0019 000 000
ABABBABA 0016 0017 0018 0019 000 000
ABABBABB 0016 0017 0018 0019 000 000
ABABBBAA 0016 0017 0018 0019 000 000
ABABBBAB 0016 0017 0018 0019 000 000
ABABBBBA 0016 0017 0018 0019 000 000
ABABBBBB 0016 0017 0018 0019 000 000
ABBAABAA 0016 0017 0018 0019 000 000
ABBAABAB 0016 0017 0018 0019 000 000
ABBAABBA 0016 0017 0018 0019 000 000
ABBAABBB 0016 0017 0018 0019 000 000
ABBABAAB 0016 0017 0018 0019 000 000
ABBABABA 0016 0017 0018 0019 000 000
ABBABABB 0016 0017 0018 0019 000 000
ABBABBAA 0016 0017 0018 0019 000 000
ABBABBAB 0016 0017 0018 0019 000 000
ABBABBBA 0016 0017 0018 0019 000 000
ABBABBBB 0016 0017 0018 0019 000 000
ABBBAAAB 0016 0017 0018 0019 000 000
ABBBAABA 0016 0017 0018 0019 000 000
ABBBAABB 0016 0017 0018 0019 000 000
ABBBABAA 0016 0017 0018 0019 000 000
ABBBABAB 0016 0017 0018 0019 000 000
ABBBABBA 0016 0017 0018 0019 000 000
ABBBABBB 0016 0017 0018 0019 000 000
ABBBBAAB 0016 0017 0018 0019 000 000
ABBBBABA 0016 0017 0018 0019 000 000
ABBBBABB 0016 0017 0018 0019 000 000
ABBBBBAA 0016 0017 0018 0019 000 000
ABBBBBAB 0016 0017 0018 0019 000 000
ABBBBBBA 0016 0017 0018 0019 000 000
ABBBBBBB 0016 0017 0018 0019 000 000
BAABAAAB 0016 0017 0018 0019 000 000
BAABAABA 0016 0017 0018 0019 000 000
BAABAABB 0016 0017 0018 0019 000 000
BAABABAA 0016 0017 0018 0019 000 000
BAABABAB 0016 0017 0018 0019 000 000
BAABABBA 0016 0017 0018 0019 000 000
BAABABBB 0016 0017 0018 0019 000 000
BAABBAAB 0016 0017 0018 0019 000 000
BAABBABA 0016 0017 0018 0019 000 000
BAABBABB 0016 0017 0018 0019 000 000
BAABBBAA 0016 0017 0018 0019 000 000
BAABBBAB 0016 0017 0018 0019 000 000
BAABBBBA 0016 0017 0018 0019 000 000
BAABBBBB 0016 0017 0018 0019 000 000
BABAABAA 0016 0017 0018 0019 000 000
BABAABAB 0016 0017 0018 0019 000 000
BABAABBA 0016 0017 0018 0019 000 000
BABAABBB 0016 0017 0018 0019 000 000
BABABAAB 0016 0017 0018 0019 000 000
BABABABA 0016 0017 0018 0019 000 000
BABABABB 0016 0017 0018 0019 000 000
BABABBAA 0016 0017 0018 0019 000 000
BABABBAB 0016 0017 0018 0019 000 000
BABABBBA 0016 0017 0018 0019 000 000
BABABBBB 0016 0017 0018 0019 000 000
BABBAAAB 0016 0017 0018 0019 000 000
BABBAABA 0016 0017 0018 0019 000 000
BABBAABB 0016 0017 0018 0019 000 000
BABBABAA 0016 0017 0018 0019 000 000
BABBABAB 0016 0017 0018 0019 000 000
BABBABBA 0016 0017 0018 0019 000 000
BABBABBB 0016 0017 0018 0019 000 000
BABBBAAB 0016 0017 0018 0019 000 000
BABBBABA 0016 0017 0018 0019 000 000
BABBBABB 0016 0017 0018 0019 000 000
BABBBBAA 0016 0017 0018 0019 000 000
BABBBBAB 0016 0017 0018 0019 000 000
BABBBBBA 0016 0017 0018 0019 000 000
BABBBBBB 0016 0017 0018 0019 000 000
BBAAABAA 0016 0017 0018 0019 000 000
BBAAABAB 0016 0017 0018 0019 000 000
BBAAABBA 0016 0017 0018 0019 000 000
BBAAABBB 0016 0017 0018 0019 000 000
BBAABAAB 0016 0017 0018 0019 000 000
BBAABABA 0016 0017 0018 0019 000 000
BBAABABB 0016 0017 0018 0019 000 000
BBAABBAA 0016 0017 0018 0019 000 000
BBAABBAB 0016 0017 0018 0019 000 000
BBAABBBA 0016 0017 0018 0019 000 000
BBAABBBB 0016 0017 0018 0019 000 000
BBABAAAB 0016 0017 0018 0019 000 000
BBABAABA 0016 0017 0018 0019 000 000
BBABAABB 0016 0017 0018 0019 000 000
BBABABAA 0016 0017 0018 0019 000 000
BBABABAB 0016 0017 0018 0019 000 000
BBABABBA 0016 0017 0018 0019 000 000
BBABABBB 0016 0017 0018 0019 000 000
BBABBAAB 0016 0017 0018 0019 000 000
BBABBABA 0016 0017 0018 0019 000 000
BBABBABB 0016 0017 0018 0019 000 000
BBABBBAA 0016 0017 0018 0019 000 000
BBABBBAB 0016 0017 0018 0019 000 000
BBABBBBA 0016 0017 0018 0019 000 000
BBABBBBB 0016 0017 0018 0019 000 000
BBBAABAA 0016 0017 0018 0019 000 000
BBBAABAB 0016 0017 0018 0019 000 000
BBBAABBA 0016 0017 0018 0019 000 000
BBBAABBB 0016 0017 0018 0019 000 000
BBBABAAB 0016 0017 0018 0019 000 000
BBBABABA 0016 0017 0018 0019 000 000
BBBABABB 0016 0017 0018 0019 000 000
BBBABBAA 0016 0017 0018 0019 000 000
BBBABBAB 0016 0017 0018 0019 000 000
BBBABBBA 0016 0017 0018 0019 000 000
BBBABBBB 0016 0017 0018 0019 000 000
BBBBAAAB 0016 0017 0018 0019 000 000
BBBBAABA 0016 0017 0018 0019 000 000
BBBBAABB 0016 0017 0018 0019 000 000
BBBBABAA 0016 0017 0018 0019 000 000
BBBBABAB 0016 0017 0018 0019 000 000
BBBBABBA 0016 0017 0018 0019 000 000
BBBBABBB 0016 0017 0018 0019 000 000
BBBBBAAB 0016 0017 0018 0019 000 000
BBBBBABA 0016 0017 0018 0019 000 000
BBBBBABB 0016 0017 0018 0019 000 000
BBBBBBAA 0016 0017 0018 0019 000 000
BBBBBBAB 0016 0017 0018 0019 000 000
BBBBBBBA 0016 0017 0018 0019 000 000
BBBBBBBB 0016 0017 0018 0019 000 000
// Stormcrow Invalid
//BAAABAAA 0001 000 000
//AABAAABA 0001 000 000
