//Mod10 Stormcrow
// S TileA N TileB
BBBAAAAA 0127 -02 002
ABBAAAAA 0127 -02 002
BBAAAAAA 0127 -02 002
ABAAAAAA 0127 -02 002
BABAAAAA 0127 -02 002
// E TileA W TileB
BAAAAABB 0126 -02 002
BAAAAAAB 0126 -02 002
AAAAAABB 0126 -02 002
AAAAAAAB 0126 -02 002
BAAAAABA 0126 -02 002
// W TileA E TileB
AABBBAAA 0128 -02 002
AAABBAAA 0128 -02 002
AABBAAAA 0128 -02 002
AAABAAAA 0128 -02 002
AABABAAA 0128 -02 002
// N TileA S TileB
AAAABBBA 0129 -02 002
AAAAABBA 0129 -02 002
AAAABBAA 0129 -02 002
AAAAABAA 0129 -02 002
AAAABABA 0129 -02 002
// NW corner is TileA
AABBBBBA 07bd -02 002
AAABBBBA 07bd -02 002
AABBBBAA 07bd -02 002
AAABBBAA 07bd -02 002
AAABABAA 07bd -02 002
AABABBAA 07bd -02 002
AABABBBA 07bd -02 002
AABAABBA 07bd -02 002
AAABBABA 07bd -02 002
AABBBABA 07bd -02 002
AABBABBA 07bd -02 002
AABBAABA 07bd -02 002
AABAABAA 07bd -02 002
AAABAABA 07bd -02 002
AABBABAA 07bd -02 002
AABABABA 07bd -02 002
AAABABBA 07bd -02 002
// SE corner is TileA
BBBAAABB 07be -02 002
BBAAAABB 07be -02 002
BBBAAAAB 07be -02 002
BBAAAAAB 07be -02 002
BABAAAAB 07be -02 002
BBAAAABA 07be -02 002
ABBAAABA 07be -02 002
BABAAABA 07be -02 002
BBBAAABA 07be -02 002
ABAAAAAB 07be -02 002
BABAAABB 07be -02 002
AABAAABB 07be -02 002
ABBAAABB 07be -02 002
AABAAAAB 07be -02 002
ABAAAABB 07be -02 002
ABAAAABA 07be -02 002
ABBAAAAB 07be -02 002
// NE corner is TileA
BAAABBBB 012d -02 002
AAAABBBB 012d -02 002
BAAAABBB 012d -02 002
AAAAABBB 012d -02 002
AAAAABAB 012d -02 002
BAAABAAB 012d -02 002
BAAABBBA 012d -02 002
BAAAABBA 012d -02 002
BAAAABAA 012d -02 002
AAAABABB 012d -02 002
BAAABABB 012d -02 002
BAAABBAA 012d -02 002
BAAABBAB 012d -02 002
AAAABBAB 012d -02 002
AAAABAAB 012d -02 002
BAAABABA 012d -02 002
BAAAABAB 012d -02 002
// SW corner is TileA
BBBBBAAA 07c0 -02 002
BBBBAAAA 07c0 -02 002
ABBBBAAA 07c0 -02 002
ABBBAAAA 07c0 -02 002
BAABBAAA 07c0 -02 002
BABBAAAA 07c0 -02 002
BABBBAAA 07c0 -02 002
BBAABAAA 07c0 -02 002
ABAABAAA 07c0 -02 002
BBBABAAA 07c0 -02 002
BBABAAAA 07c0 -02 002
ABBABAAA 07c0 -02 002
ABABAAAA 07c0 -02 002
BAABAAAA 07c0 -02 002
BABABAAA 07c0 -02 002
ABABBAAA 07c0 -02 002
BBABBAAA 07c0 -02 002
// NW Corner is TileB
BAAAAAAA 0124 -02 002
// SE Corner is TileB
AAAABAAA 0122 -02 002
// NE Corner is TileB
AABAAAAA 0125 -02 002
// SW Corner is TileB
AAAAAABA 0123 -02 002
// Stormcrow Autocorrect
AAABAAAB 0016 0017 0018 0019 000 000
AAABAABB 0016 0017 0018 0019 000 000
AAABABAB 0016 0017 0018 0019 000 000
AAABABBB 0016 0017 0018 0019 000 000
AAABBAAB 0016 0017 0018 0019 000 000
AAABBABB 0016 0017 0018 0019 000 000
AAABBBAB 0016 0017 0018 0019 000 000
AAABBBBB 0016 0017 0018 0019 000 000
AABAABAB 0016 0017 0018 0019 000 000
AABAABBB 0016 0017 0018 0019 000 000
AABABAAB 0016 0017 0018 0019 000 000
AABABABB 0016 0017 0018 0019 000 000
AABABBAB 0016 0017 0018 0019 000 000
AABABBBB 0016 0017 0018 0019 000 000
AABBAAAB 0016 0017 0018 0019 000 000
AABBAABB 0016 0017 0018 0019 000 000
AABBABAB 0016 0017 0018 0019 000 000
AABBABBB 0016 0017 0018 0019 000 000
AABBBAAB 0016 0017 0018 0019 000 000
AABBBABB 0016 0017 0018 0019 000 000
AABBBBAB 0016 0017 0018 0019 000 000
AABBBBBB 0016 0017 0018 0019 000 000
ABAAABAA 0016 0017 0018 0019 000 000
ABAAABAB 0016 0017 0018 0019 000 000
ABAAABBA 0016 0017 0018 0019 000 000
ABAAABBB 0016 0017 0018 0019 000 000
ABAABAAB 0016 0017 0018 0019 000 000
ABAABABA 0016 0017 0018 0019 000 000
ABAABABB 0016 0017 0018 0019 000 000
ABAABBAA 0016 0017 0018 0019 000 000
ABAABBAB 0016 0017 0018 0019 000 000
ABAABBBA 0016 0017 0018 0019 000 000
ABAABBBB 0016 0017 0018 0019 000 000
ABABAAAB 0016 0017 0018 0019 000 000
ABABAABA 0016 0017 0018 0019 000 000
ABABAABB 0016 0017 0018 0019 000 000
ABABABAA 0016 0017 0018 0019 000 000
ABABABAB 0016 0017 0018 0019 000 000
ABABABBA 0016 0017 0018 0019 000 000
ABABABBB 0016 0017 0018 0019 000 000
ABABBAAB 0016 0017 0018 0019 000 000
ABABBABA 0016 0017 0018 0019 000 000
ABABBABB 0016 0017 0018 0019 000 000
ABABBBAA 0016 0017 0018 0019 000 000
ABABBBAB 0016 0017 0018 0019 000 000
ABABBBBA 0016 0017 0018 0019 000 000
ABABBBBB 0016 0017 0018 0019 000 000
ABBAABAA 0016 0017 0018 0019 000 000
ABBAABAB 0016 0017 0018 0019 000 000
ABBAABBA 0016 0017 0018 0019 000 000
ABBAABBB 0016 0017 0018 0019 000 000
ABBABAAB 0016 0017 0018 0019 000 000
ABBABABA 0016 0017 0018 0019 000 000
ABBABABB 0016 0017 0018 0019 000 000
ABBABBAA 0016 0017 0018 0019 000 000
ABBABBAB 0016 0017 0018 0019 000 000
ABBABBBA 0016 0017 0018 0019 000 000
ABBABBBB 0016 0017 0018 0019 000 000
ABBBAAAB 0016 0017 0018 0019 000 000
ABBBAABA 0016 0017 0018 0019 000 000
ABBBAABB 0016 0017 0018 0019 000 000
ABBBABAA 0016 0017 0018 0019 000 000
ABBBABAB 0016 0017 0018 0019 000 000
ABBBABBA 0016 0017 0018 0019 000 000
ABBBABBB 0016 0017 0018 0019 000 000
ABBBBAAB 0016 0017 0018 0019 000 000
ABBBBABA 0016 0017 0018 0019 000 000
ABBBBABB 0016 0017 0018 0019 000 000
ABBBBBAA 0016 0017 0018 0019 000 000
ABBBBBAB 0016 0017 0018 0019 000 000
ABBBBBBA 0016 0017 0018 0019 000 000
ABBBBBBB 0016 0017 0018 0019 000 000
BAABAAAB 0016 0017 0018 0019 000 000
BAABAABA 0016 0017 0018 0019 000 000
BAABAABB 0016 0017 0018 0019 000 000
BAABABAA 0016 0017 0018 0019 000 000
BAABABAB 0016 0017 0018 0019 000 000
BAABABBA 0016 0017 0018 0019 000 000
BAABABBB 0016 0017 0018 0019 000 000
BAABBAAB 0016 0017 0018 0019 000 000
BAABBABA 0016 0017 0018 0019 000 000
BAABBABB 0016 0017 0018 0019 000 000
BAABBBAA 0016 0017 0018 0019 000 000
BAABBBAB 0016 0017 0018 0019 000 000
BAABBBBA 0016 0017 0018 0019 000 000
BAABBBBB 0016 0017 0018 0019 000 000
BABAABAA 0016 0017 0018 0019 000 000
BABAABAB 0016 0017 0018 0019 000 000
BABAABBA 0016 0017 0018 0019 000 000
BABAABBB 0016 0017 0018 0019 000 000
BABABAAB 0016 0017 0018 0019 000 000
BABABABA 0016 0017 0018 0019 000 000
BABABABB 0016 0017 0018 0019 000 000
BABABBAA 0016 0017 0018 0019 000 000
BABABBAB 0016 0017 0018 0019 000 000
BABABBBA 0016 0017 0018 0019 000 000
BABABBBB 0016 0017 0018 0019 000 000
BABBAAAB 0016 0017 0018 0019 000 000
BABBAABA 0016 0017 0018 0019 000 000
BABBAABB 0016 0017 0018 0019 000 000
BABBABAA 0016 0017 0018 0019 000 000
BABBABAB 0016 0017 0018 0019 000 000
BABBABBA 0016 0017 0018 0019 000 000
BABBABBB 0016 0017 0018 0019 000 000
BABBBAAB 0016 0017 0018 0019 000 000
BABBBABA 0016 0017 0018 0019 000 000
BABBBABB 0016 0017 0018 0019 000 000
BABBBBAA 0016 0017 0018 0019 000 000
BABBBBAB 0016 0017 0018 0019 000 000
BABBBBBA 0016 0017 0018 0019 000 000
BABBBBBB 0016 0017 0018 0019 000 000
BBAAABAA 0016 0017 0018 0019 000 000
BBAAABAB 0016 0017 0018 0019 000 000
BBAAABBA 0016 0017 0018 0019 000 000
BBAAABBB 0016 0017 0018 0019 000 000
BBAABAAB 0016 0017 0018 0019 000 000
BBAABABA 0016 0017 0018 0019 000 000
BBAABABB 0016 0017 0018 0019 000 000
BBAABBAA 0016 0017 0018 0019 000 000
BBAABBAB 0016 0017 0018 0019 000 000
BBAABBBA 0016 0017 0018 0019 000 000
BBAABBBB 0016 0017 0018 0019 000 000
BBABAAAB 0016 0017 0018 0019 000 000
BBABAABA 0016 0017 0018 0019 000 000
BBABAABB 0016 0017 0018 0019 000 000
BBABABAA 0016 0017 0018 0019 000 000
BBABABAB 0016 0017 0018 0019 000 000
BBABABBA 0016 0017 0018 0019 000 000
BBABABBB 0016 0017 0018 0019 000 000
BBABBAAB 0016 0017 0018 0019 000 000
BBABBABA 0016 0017 0018 0019 000 000
BBABBABB 0016 0017 0018 0019 000 000
BBABBBAA 0016 0017 0018 0019 000 000
BBABBBAB 0016 0017 0018 0019 000 000
BBABBBBA 0016 0017 0018 0019 000 000
BBABBBBB 0016 0017 0018 0019 000 000
BBBAABAA 0016 0017 0018 0019 000 000
BBBAABAB 0016 0017 0018 0019 000 000
BBBAABBA 0016 0017 0018 0019 000 000
BBBAABBB 0016 0017 0018 0019 000 000
BBBABAAB 0016 0017 0018 0019 000 000
BBBABABA 0016 0017 0018 0019 000 000
BBBABABB 0016 0017 0018 0019 000 000
BBBABBAA 0016 0017 0018 0019 000 000
BBBABBAB 0016 0017 0018 0019 000 000
BBBABBBA 0016 0017 0018 0019 000 000
BBBABBBB 0016 0017 0018 0019 000 000
BBBBAAAB 0016 0017 0018 0019 000 000
BBBBAABA 0016 0017 0018 0019 000 000
BBBBAABB 0016 0017 0018 0019 000 000
BBBBABAA 0016 0017 0018 0019 000 000
BBBBABAB 0016 0017 0018 0019 000 000
BBBBABBA 0016 0017 0018 0019 000 000
BBBBABBB 0016 0017 0018 0019 000 000
BBBBBAAB 0016 0017 0018 0019 000 000
BBBBBABA 0016 0017 0018 0019 000 000
BBBBBABB 0016 0017 0018 0019 000 000
BBBBBBAA 0016 0017 0018 0019 000 000
BBBBBBAB 0016 0017 0018 0019 000 000
BBBBBBBA 0016 0017 0018 0019 000 000
BBBBBBBB 0016 0017 0018 0019 000 000
// Stormcrow Invalid
//BAAABAAA 0001 000 000
//AABAAABA 0001 000 000
