// ---------------------------------------------------------------------------
// Syntax : 
//  [SourceGroup] [ChanceToPlace] [Left] [Top] [Right] [Bottom] [Filename]
// 
// 
// ---------------------------------------------------------------------------

00 0020 0000 0000 6143 4095 grass.txt
01 0075 0000 0000 6143 4095 forest.txt
05 0018 0000 0000 6143 4095 desert.txt
08 0170 0000 0000 6143 4095 jungle.txt
18 0028 0000 0000 6143 4095 swamp.txt
19 0170 0000 0000 6143 4095 prairie.txt
07 0010 0000 0000 6143 4095 alpine.txt
09 0020 1636 3443 1936 3693 graveyard.txt
03 1000 0000 0000 6143 4095 cavenew.txt 
03 0020 0000 0000 6143 4095 cavenewdeco.txt
10 0020 0000 0000 6143 4095 lavarand.txt
0b 0020 0000 0000 6143 4095 wasteland.txt
16 0005 0000 0000 6143 4095 snowmeadow.txt
17 0075 0000 0000 6143 4095 snowforest.txt
1a 0050 0000 0000 6143 4095 savannah.txt
0c 0075 0000 0000 6143 4095 bayou.txt
1e 0095 0000 0000 6143 4095 desertforest.txt
12 0075 0000 0000 6143 4095 clearcut.txt